3000
603171803
931248932
105220583
241130730
415896817
194179507
427843055
462372752
78591176
226654612
737879695
151397175
504567256
491241846
959618498
393144965
625497334
955946311
359004186
57391613
684921937
317306096
385694653
712227704
440928449
506746249
286798465
738922042
232012785
707035824
958909771
712609465
672322552
270493649
611226692
396895356
444758587
517055176
824661755
449597032
985324549
14107040
339546280
977228354
174395314
17742022
111955071
659751451
881160119
620186469
819434897
736982306
641115439
771297250
322968662
89134932
87079461
475899693
810454852
878903520
684511343
466975548
629958362
685269175
25106144
567703629
102727574
97455609
510249095
102634358
238569671
5983466
909545090
647777678
594380883
652624000
348216145
618110374
17243084
270636066
793593140
217972773
737501380
767815294
677603928
51449668
805585194
897495548
701351803
715024384
915725837
182041871
897364127
845313396
440465820
632729004
811979213
989780303
330981318
866490927
153247612
82299193
817680315
789091336
993726729
578369126
659982131
980629527
822213721
495394484
564876955
817757370
916089098
637654959
756091129
516835801
952254062
139864964
334487822
300322541
544210695
650904820
524059320
968567050
17203397
529017046
750518549
156029526
561136332
487570420
688199525
640920358
950347693
512978993
303581652
967491396
720242268
905942581
930213663
445425926
731943730
225690835
310195487
766855578
556775220
528699311
747508123
888511740
608078972
310004736
315460286
743326359
338221990
425101980
801036053
70737690
705930987
695098599
432061315
734040799
504802289
977847524
592711138
36951484
883199212
141411624
789906741
953017179
765473603
616303775
518536064
656452113
816400050
97889319
764702846
311977721
71507240
894398357
644581926
293057705
606799585
954321040
441255233
916578001
711521585
560518836
261486975
868957434
445619155
987718265
257113869
930975620
464041566
322567988
947096397
21703838
50994996
666433143
554534425
220157911
652222457
625503049
244064853
266762691
969532788
783341515
213894061
148471795
422298596
23068935
61883198
158553995
642052998
317347322
185284156
535263838
986311983
549842901
998648544
294765427
376655681
728302695
819602016
433698530
969953598
497863191
149302156
160216287
250393058
510003022
115990649
242763053
725913496
10387197
271911619
12318786
739488743
996535501
998586219
413097873
680034830
286615864
933702542
239053303
869899818
166346011
272670761
170241914
649452469
340670475
311301572
543778013
332200296
795228138
448547141
25564419
201033872
986571734
547158332
381178575
709514793
910135711
335243686
31567175
697949364
755474837
382208460
853503960
674632256
984950396
574419524
631355481
625199347
145429197
840253278
359956518
464766109
932355757
851383851
760334301
680036733
322110805
255473525
161727698
728868588
658640262
730605464
877167967
621737757
832666809
945011232
986966600
489919732
958331344
891716366
776817108
65408483
379176533
539774022
607304148
141084640
899396103
401718860
508357598
521839798
77955013
477402788
177431672
82986632
184731690
332500196
80722953
259704085
263630896
418591909
285464672
910498580
884361788
380620875
17216009
544098952
42978474
433669017
566839179
760383204
683937234
340411138
876313679
576203069
101467763
26735697
427560185
174711319
408053863
90454407
905853909
404039726
271169523
945967042
692435361
559033997
530980594
765866297
417263783
516530551
941462003
612935043
469765069
552576211
133346543
958482738
160805851
225766459
11378746
779163697
416129987
682036124
971974499
398091592
567266880
898044354
772011208
792304935
170081164
803377604
479403583
730816827
537689585
778610154
215748240
861198874
536258237
117026926
35168300
576870120
327625614
100985193
770706419
399493506
81980388
708328723
721353830
128161138
881209347
73313193
289518460
487437925
858868058
718226884
929827392
223971744
528672347
856748288
590956447
394639774
572233281
430836294
627003466
246995925
142233484
104036486
930701082
229692585
525869338
312288774
632496232
181184141
287554322
231151456
824405146
388974708
486620465
779938932
847306402
511325967
569261688
530784254
88098478
673877613
351536900
849443152
38077234
988003146
565219014
404704144
151286015
593875988
481182466
61671265
334489666
733961594
249416229
695379494
354926886
572731772
4858121
718006981
176771513
475143435
484869889
724243550
229785043
397832858
572130778
990448393
584407635
14547173
563163807
463138502
116850646
843908239
518297114
683565129
234734255
12735872
819576230
855996539
932618687
439668492
506781433
561215577
909138216
747945748
182748878
513638414
749423182
488288319
731382101
633927835
292872409
568003525
29881335
799929454
94745761
239492792
481929661
889272420
520796349
67255639
218019083
198304484
590362004
666094196
319916966
555918654
18592440
948774377
483123379
458148572
233162182
666631926
437770289
962261939
527519273
419395500
542136566
482367823
330742043
243784123
346476249
20228669
889740535
748293788
821441261
670120044
149974597
64658468
620602872
527504149
399993500
782492718
385597551
242800493
924444495
296535075
923416831
121794185
359776221
873522675
587584786
537192809
364455365
42170781
903436745
931938189
425273020
462519901
925216483
807181020
714814596
243374521
433171369
719976151
687926656
699438357
189046989
413906811
96277501
359114572
76860378
980479296
438606349
796596133
623202747
255433280
85239250
284769617
214876893
494166691
972891865
595201327
470542674
386988422
485736005
953975198
181299004
577804648
218253448
978227953
433510606
72843227
551590953
676327672
462567103
410227323
64677926
11645957
469493567
232603872
580600589
437157125
921096881
208810984
406990419
83588196
267571519
57358212
977129549
19282111
101299791
194325636
525323907
669829408
28399505
341384491
419451098
245381665
474637574
70058329
43389283
737449224
540812662
391433866
202354468
927256346
433408628
401253350
719133300
71994979
651811868
207475362
358242143
201921253
706269658
582328860
592770416
30646259
515684584
264603949
215971415
526488695
668039693
418622539
664431598
494470125
635895752
110136575
746658169
369738280
97546041
561927749
538169606
521032132
948661048
276342576
915575215
591643927
522837111
374932471
385260575
386548718
570606278
575157645
167198485
140134904
531162411
739172425
55095700
944237301
192636729
704597812
386897163
571885088
17725363
904271375
350410826
572154130
593654273
468131705
471531197
570190962
949122331
18599295
515325322
985813607
130342620
462582734
105075940
905339514
237095115
161816841
299244719
425468723
442589421
364638487
991235794
540167864
960212060
151471416
530843038
541055716
167616732
468388518
131358050
190224995
864844784
109159299
810374057
17862518
601931064
191909454
624416250
622151924
790445643
636397597
738699878
75804349
793013289
902471921
39001367
896629106
755817745
876298853
55323901
498311238
135408872
294966510
161357969
414553626
473370344
578883229
353137016
187576548
477012321
233149100
669793458
376293946
608307097
38213923
385250203
965242027
628044593
107517728
450560532
885768143
999972543
97944832
748600113
944421108
321455492
495913786
432844754
251298875
19893159
498585446
909252915
481406089
331453966
146232653
119883118
409942908
92754142
274127275
172177767
608792892
603094147
42194173
650105021
905233832
588467446
577221149
693994221
338057087
426545315
916233044
552832142
421235585
376143943
926446730
429482935
324546036
523028119
493948024
769939571
351517505
608717233
215703125
982912684
361222533
318794828
328019963
901512195
784288367
534824596
116445778
863416994
892424086
491208637
364855412
732127188
593504820
157643125
419557909
938223079
657768049
444802049
855547774
969650836
287458257
356689816
625078213
74947063
441223032
824291298
76003324
211545572
354136226
582000290
799280875
94588135
450329673
343844703
518280285
975338814
104588358
693637255
469252260
542065995
365434491
174819946
938182337
148458271
339735578
352762305
661842678
972789237
56305454
876614294
731654588
750055487
736397241
174590239
554523614
760516125
474156505
735775896
335193214
840615392
438784491
926483229
404519137
176941424
676449953
45354317
16428209
437697511
819215596
885386678
90966777
809543729
704729296
452979594
633696096
854888245
52694766
929435695
976424721
66103077
693342123
197019786
815039119
723059640
820392603
217425803
801201835
974342038
244948804
776799724
103178582
989160828
207045465
742065119
972130698
481762732
919840387
19661344
979722374
137406431
548151136
456861852
348749117
87563247
713000089
806656287
682116310
953382414
163194693
833898925
979260711
484099007
984158
51770649
655101485
164754203
187396591
828683693
509097612
241792100
627768105
111625965
572081430
657711887
661946167
338979352
356375256
954440366
74983993
537285556
110320339
340075846
705692543
78037480
375445845
32085691
304503183
183819616
709462310
347343218
259084373
151890153
854621114
916795392
219932137
545804797
694730729
409862074
495361675
356185560
285490328
4857973
459580894
745235056
452272989
59147757
238299553
494488929
792625496
709684067
426594034
368787904
78538928
690713697
453313226
784206587
686985621
455272768
76167056
838731297
400595426
78896768
257743977
281122281
149263913
212792790
452473383
377275610
677958717
316172164
656007392
967806947
652382085
394869580
757496482
804654881
296209031
406646532
913834329
978816179
298208096
599741502
14203631
82221919
402320886
703793642
185842244
905652013
283049175
303271673
842186230
305230584
984412731
133435645
674416319
314813112
927615970
902054946
90124615
368685542
941285703
397042985
553469629
559917520
392162430
134403551
62809226
898982019
262686865
175219547
702401622
984687535
149834413
857366298
802993280
605259046
942209146
121201486
322902540
785965595
708618307
611056026
302585575
220170641
784117412
449212933
669308713
342750613
957065495
633734558
22860283
959225776
895228982
245860734
500596597
722131248
626933115
969664839
915871462
187249199
758688839
999519376
261927986
518203204
994763205
376787879
98276138
896652587
847600544
427548005
155074029
895547277
118341641
144149539
991712311
858205507
345586140
641936098
53112957
363391224
44848926
699691903
940641428
212214366
543276128
557988808
609675390
446251756
4253298
406929398
757709493
96918868
492843441
599706595
147949152
85221587
295356729
861334946
84744471
637642482
636217068
265048247
308804215
288091217
606708002
848151084
106564483
558144613
15554628
606006688
217710347
138661073
400978904
20259568
263466695
895694271
176900505
859121887
671351823
700842632
174380748
724078034
332819535
788213865
855889648
532073108
174693577
711465491
901876214
256334756
924091552
719457463
679856808
22175042
376195067
479886797
453631661
325813809
73594999
405471836
324051627
536359951
222937985
705668997
367990343
88094029
14057303
330597822
852876919
399246748
192490800
612379017
943017468
890306578
734432471
374655696
982953591
655377874
211649150
674992614
202995339
610125438
808112898
831199621
280869701
949889977
510419430
696565096
217728685
577556040
808572943
409669010
493190484
170188202
162763242
610737398
401900858
716059951
253817761
826179208
365023202
438166992
786161228
560829121
817864460
344352883
307089481
619827417
481897484
161112002
904825112
674537927
563007910
848389981
117479206
574918622
435751098
435918699
980733521
788365563
671719840
361530462
500707196
607781015
390006207
59785906
955093137
248649303
77038227
169696881
631640008
499444135
89900166
992648062
766555440
992811128
142328328
480345541
912857121
470727594
371726803
311031774
560670363
588378673
564894318
609110280
565893842
212965248
389691336
668287131
609647581
404454248
212465331
189617479
711427695
455982497
763079765
254172652
627535911
273841855
441640222
193902247
659509702
448712581
506530864
263280678
344951983
131776110
279010133
503276518
778173070
872851342
178482541
668160461
36364107
535893552
973405319
365122387
70323063
59567816
14200784
801499692
275756406
260774056
364506943
117603648
578752334
839249232
165585165
963676835
198676989
968309144
16802022
204066294
328820472
241130774
260275038
469777339
690548655
883574596
554474098
463026945
340018487
702894747
652858647
238316496
563991769
644889874
565156238
458795632
862569080
12714703
586057042
349934198
157419569
377684872
978654984
103913184
125665743
788190688
140996873
764808753
375292841
650234025
966283436
194391501
124861318
354582854
910890203
144542562
559660403
520817197
557770138
595873105
55426817
531979001
959805182
451851264
291510421
410462832
642409558
519587324
766734519
658663028
362864099
300532196
230528579
178843304
589483538
848191766
56305295
184986216
461670712
211169356
257152155
450743272
995758634
192394579
343111334
789276816
430975279
961960789
315275104
871067430
339104611
544777981
199661479
957625856
783149790
953564926
275379679
558566340
411821650
702083561
70356842
9356482
77393927
599175363
74864910
29942275
372042208
894026110
280247400
5166104
610736267
268475710
29535764
955001990
577698240
823742728
473919686
877530081
983979865
339506921
331641689
607472376
964605301
64466434
802789147
941546385
159427708
972524717
583484856
470452537
686452321
152171152
85722650
903686098
620195823
29597636
443695926
226092120
340728876
816389952
80757686
479440612
426161029
832352670
854787476
671172857
171023776
410127366
15799352
982286284
314704759
408172813
849653974
689659510
577710894
325196814
501161252
700721120
915697454
572437145
383753164
305601587
139663023
873147608
688021381
336172099
612498274
519981092
275641468
671696621
554360143
819874693
461291243
19405931
9913013
33869124
634631038
397926175
119745387
4398660
914253125
13693360
592169524
875555205
892749665
397962769
335309554
957520079
294530065
30733473
651875132
669314438
958440492
830237154
104629010
985306806
457656780
876876936
241627668
736329008
176292782
962109528
668044320
167439253
817554072
211233612
522399024
895071166
355486411
481982463
996994964
37551520
910018890
619886973
840837121
795567705
680959056
912502452
754941509
987920029
551547688
69980894
380399640
850848570
716917953
63733054
726390723
65973491
539526241
49036576
468020148
387677801
875378056
218672878
308186513
498457130
315423845
49586076
68548187
502003609
783429311
365549673
434875634
134275551
295982775
253291718
796817251
964966956
888486033
397222260
267907403
782399440
167496250
443710053
845492679
641255368
666855786
473171300
705788376
17688302
681726478
415179674
63646375
666645291
738707226
749890463
634248522
4036790
704227753
209841236
94884004
44434315
279958377
162113640
577050980
389435929
521454023
552870594
89733930
228291336
199794608
903754990
540559536
960308761
30489094
645275936
975136213
754299973
907428522
567812582
848662580
538843180
681152986
891767764
668210316
171847942
294281842
76511470
600142507
614724543
288370467
537103968
970956285
726129852
378636678
694444998
325691953
328451357
408096032
433512896
357420724
345290725
422565130
734063276
959202972
858159505
965201595
548743354
669562347
495363150
631140937
342671379
793078653
992565213
814786639
895905634
58816109
556430254
532085316
75502691
306875076
490108221
417319858
647166053
679600412
350355196
25032591
679889432
589726060
118238515
537827977
657049947
940686538
669599409
240515480
495217213
913914274
415456631
872272490
954158557
31162486
2979494
675721311
53373850
981132972
166549472
94830246
311513172
79617486
238117757
881094172
83865621
767093645
148909053
79590385
532279051
452085840
4255810
461668534
672957665
455978661
572924514
390047156
697744676
270278082
723353408
656495301
204112936
63842823
324266752
157865405
422611870
630686961
260127263
85613077
781568959
132633965
5041556
379289203
481626507
970326917
754649069
466629370
280846531
370833267
401115785
806764496
134924268
21620236
491743745
798960412
162901597
745409369
674440087
938960978
774081579
146842103
750361393
891905463
940264453
282229353
75493636
60697129
316632696
979364822
877095779
327186387
788906291
499678529
688681098
743782221
21445191
388017153
765114887
313799864
752857928
373840470
695657567
659693710
384461725
944932266
295095632
141696550
827232719
190844393
99715510
801756265
145224630
35174880
745672142
183792401
456044415
928739796
439934815
423598954
488435769
195089087
733609206
286063336
333451942
340511491
76054206
883119268
165884386
337296638
425497891
278815340
712539122
690258233
838918654
600907740
81528694
780694959
212994569
315634700
168652204
655082224
181620026
490203439
575996093
45122089
486175213
186314879
608911309
350391286
412990686
984702631
860443946
656796957
931129988
455895154
256442818
610679576
814980754
110763941
221258637
514907529
961026281
462292540
797284504
341085114
881391021
550259045
443128026
162329601
875264010
426533432
130253995
129560134
313652454
317162083
226683785
200632776
379930111
384188432
364209383
625625231
202928607
185140025
36410177
536184439
685316145
578047474
102755527
369490352
545846896
98716538
129099103
28098298
937503773
747994809
279747447
454282797
622005070
864983182
174601452
644004657
385510874
358978031
948064066
30917770
904605683
392591629
368207027
911443839
205514908
351811111
136768690
242142474
1884562
526120340
380106926
596407537
214739070
951949243
48827238
617679530
753956171
906757631
960596955
438007776
531145858
906191007
599591050
890208292
658131338
250945348
815137359
798380294
110485285
868238242
42890400
136394562
645013711
368735541
884867341
605748039
937184683
715030327
988892411
735029811
474323667
787697914
698901368
306327810
968494492
386984302
437941215
547775917
326243525
655713993
75285708
425748386
7881100
198024941
800566753
757781271
361013250
953664251
975342699
713810762
886714817
336705544
337065265
439475157
63287539
346394407
250074306
250305426
218606585
903042284
301830399
655222218
96851063
319103669
166683347
64935082
872060519
488987017
968623265
316058998
901763491
145214664
906304865
589437912
520597839
249373279
50105226
610371407
497612521
897662236
173004755
665494764
287370133
271497947
849285105
497853055
420924163
503824868
544106784
809700006
505647702
447234615
405485375
698495463
246139810
249145834
105631933
179920153
962803423
424099453
596641230
640265527
924329548
584577008
132767066
224247021
603263156
182032896
206590315
390080733
86511332
293468268
627348841
457544808
389200616
452002485
707977202
451762588
756147274
385841990
787485206
897541111
913835081
549495465
11949679
259821853
593299765
565791550
865397150
267218984
359157078
181155485
98692751
718322828
521716886
658443479
687437230
660820299
834134660
396955974
753308995
13573844
239708370
258013339
275050630
824371736
800070911
619645230
969347760
957585605
281428392
492412149
335985849
742064729
535402437
590418490
9299702
964181030
849810703
382104806
505739751
447059839
733245550
349043215
690901633
259636345
364339342
318842923
408178148
657339486
833283361
56466449
657272981
242290311
293361567
42709588
480756812
460121730
785542308
743421127
426147413
493148584
609512765
743524812
308093352
492379414
276453157
959923910
127380520
562349308
237010692
565767483
639046305
204025286
568885966
814090629
117244742
741124650
64205871
304787946
779777820
663232449
763031417
538618830
251001165
665891697
707848302
942620048
864284720
629573438
797695937
211912596
779587240
440876758
224359383
186692454
352559002
992885213
964895165
283891452
283009713
951730373
532139319
471612309
866145530
132182508
201969646
857533474
542949950
463063632
570939643
62803180
204948486
900345782
948123782
364580894
677595934
828730036
867097195
972635677
893257673
130382123
890095411
302493588
876675938
592291788
271316265
543568809
267414109
98857047
557104342
752912814
240912857
60057051
81365851
890750735
237910694
532842807
977462303
870090935
718230847
887051836
121367274
508888254
189349675
865321108
396996333
930525331
937358681
895913850
467760082
401178357
185015112
587480572
850793688
430213158
25061525
33760862
535031497
868694737
117170380
386301396
894446789
117283868
122893877
53021419
190734483
55514277
270728054
412222262
841336688
40493602
774197519
122295489
247971793
557480636
936133661
263654735
660807808
904514955
604691892
178445566
387628075
152681191
271187377
89288682
989238774
543199392
846674543
644551635
843483209
37952666
216304149
457235763
416542147
670687527
129870381
160914627
768345745
298083108
936212412
598243088
821683826
138302540
682534591
712724988
946483326
77617591
143749199
502562417
991552767
616790608
977991148
3819074
864173718
910814726
743452309
216730548
131317285
920017719
156114468
158898653
588493401
320232578
134959315
921151891
812293019
951362418
645435522
288057785
172236640
82666174
525448626
416225547
565578320
510255137
756807274
990302994
596132267
191100004
156305249
23014768
624472656
402162102
436072228
359334311
196241021
594484122
391016687
515182713
158166549
581926146
522727390
821688250
818938106
24451853
951945158
349208439
400996266
247089684
423966753
834354449
375213062
582342216
63863264
277644943
166724532
536195226
154829187
545063813
205220991
340060134
980046869
730829072
706304488
686262981
148000816
167988022
437622070
94485692
302433210
130120941
576152533
597977528
697989345
832892753
289468519
63253004
43152392
454936532
992352192
503803130
355788086
126936510
88840349
852158458
379461401
682000036
351551747
463808465
84489523
764727203
681664041
636397401
771866015
24158517
758989368
436189430
68525635
126045438
650738890
943569689
415716708
197914780
499558604
151585714
818578601
995075148
335196285
124722812
717393629
896465471
462136012
353933939
711554121
904096932
572615653
360182223
857682032
18953380
28983474
610439685
693968683
121683585
219505613
574746244
478071518
807148767
455627142
804267249
581571918
598541419
794091348
156735898
381349449
785202464
220744574
424591560
117003359
582781097
201401397
129512292
70238253
945798797
354995854
519043183
914587134
473643868
449387589
52285736
4399066
958761178
13299047
383425089
143084616
321118111
911894277
612839091
264657259
738464493
926379643
604545373
587710072
737622510
60901055
830022477
946874161
910370345
727315401
347710633
203918846
354526618
120682779
133718605
372287619
500130613
567351827
738963157
975300314
540158383
474317887
210824045
406860246
786921609
838127413
323625644
72853146
960426767
360625970
331689996
775324342
567836727
97588962
266528480
657435946
315123903
679337168
491180011
963570998
920846796
25160650
178503678
397937612
911022778
585588501
250391837
442398597
136280702
813333197
809531264
572259028
727297919
697552839
156653887
263812504
600994136
677480309
221118711
149530271
665142857
306803760
564379783
65061332
463854983
27578387
687211439
962152294
846874856
935165081
616859653
243043639
918458944
924970120
589502380
746065067
97450648
671922802
426962986
458942377
171430586
303517083
898089032
837063958
823098814
325067318
65766189
188202284
760410428
999151954
462379659
155665883
740593674
718104078
870992417
730436562
753627992
598870144
502652782
7731648
615001030
249576605
710863338
896675163
315187980
751037503
435945151
695115469
11679907
803937542
81215529
759425411
665971013
512580765
405661362
523921566
833331703
836741129
981392622
517018193
923763290
893047246
949681732
698409558
22074156
370828977
131493204
418198726
25212885
57403385
496853350
484787226
199321457
848200732
312651428
452451565
261553402
346210171
148959826
921656673
155232647
675438013
10440482
580845983
945468573
729417609
414700922
471242465
71408730
983938623
804328835
395400549
348895637
804373700
825200519
425478408
642316235
714376198
46497065
288356247
876825095
681880730
587188627
794837658
706778032
657319340
411179022
449016334
202888578
34203254
955374169
497911203
967177680
63959466
706861067
721859826
92569306
503006262
540966997
748363773
740742834
178755176
135596481
876306471
904578570
817882305
446057030
517145585
657179444
292601097
964913501
138509505
645117440
412293937
700856718
205000016
602922605
101056061
161869132
655418195
67858801
119484375
121394572
634871797
797226738
904634542
180141343
721082739
421258194
412780151
798128888
797794963
868855095
976679724
585479866
188248456
303884335
745567950
418703231
129260249
947968881
292086338
323698021
302981980
319436869
707312819
310597353
336077898
929733045
607830638
508738103
339440817
437173430
860951707
76641458
758201729
4823480
169171674
708625211
696055488
672750238
650501269
480062969
970654709
799406572
806320086
975966437
687680754
162091815
875453057
545146940
354369879
25846640
61744264
859350585
479787435
106842165
252028475
179449457
360654407
177881393
163073595
643638939
836103351
155305385
521066387
601821769
787415980
122148591
628938492
367565270
279968140
530999013
302706590
448431527
371459521
775200837
83602330
966874951
138508826
627434608
421022496
288747754
116849215
208653491
91074792
794733343
972583097
426979555
873927291
960524220
929388279
846339674
847979012
918348416
776450854
610434996
257504573
685669733
384847074
539847380
862850795
880405287
236409768
106474845
716193005
740282216
393411489
496839415
748574093
956881925
571240539
828816740
507934013
435365269
755204061
723505275
698144616
820395778
351047675
937935498
106269917
332817265
569542686
518033052
665489963
693214249
400892895
239476811
419083561
581125813
745649395
33054330
651215800
710431307
10781589
437969973
17536954
522493331
69570837
696323384
260241555
681832397
614752857
13396127
98721374
122442323
135256235
34915854
199701896
150710983
307941395
328107110
471114052
401100810
457366738
321964751
414552687
440790526
461999043
522953792
508960975
59441223
101968293
92717104
168381237
450064979
448130824
822324362
353557046
347441795
805984603
579485696
886930569
137352167
869187215
980063515
427244376
182517600
815026296
872113394
105029617
368661719
410273589
113746697
858627977
887139967
995864090
373215385
193993832
121669158
112962163
735859464
481008052
999398350
469994108
406317375
983099629
582407765
853843620
521345216
931426385
229158477
790399844
567576798
606407350
789392235
47240910
890367833
270757638
807972389
173121746
787740628
896853487
136166572
239683453
177970199
982249168
614680699
127035315
697904282
615640751
858880379
477512359
798386809
309325525
548247387
882721330
88738455
541757478
774480590
606343295
240885696
837142658
905577218
327183318
478803751
626498224
310006446
774914314
325828131
200987346
705860366
105690191
596233596
6559489
731640970
411715725
85395464
717722370
9327713
925016125
543642810
57562044
811002026
837530093
545350787
293917476
323965218
586791358
184353103
748664341
887310060
700641877
642739438
824123480
654967322
25545280
474295578
281862254
1798878
466368646
63515256
285644501
91063776
843257787
666874686
322404831
908254900
612712324
335399883
465273350
384128639
231501433
962777355
75602320
101541929
377023162
445636407
854618759
985777616
127650597
916667313
48528024
642386457
97427635
778046283
183990850
362431206
366411183
232510984
372701627
620622410
667102545
390132717
924946349
359372574
444706059
727273662
887533405
250704757
131799185
281099123
432529538
245666110
220151010
394043311
180832841
430658409
349702500
917494960
734341663
241577262
195396134
601113039
775719990
844723990
97749894
137905200
740178906
704394576
727821411
360674994
33794795
8610139
991051096
221496407
637348899
807011987
638223878
713792074
495412228
315296936
615883219
54654453
967171632
770171644
670218400
650107087
643034768
803330481
881692411
230691667
10799839
20271496
64473137
644582528
616242742
545061127
700387241
733793270
823089915
575726050
214234474
893402400
420581161
871476001
337360374
193318602
620808265
121224268
323539783
282276054
126391794
412069399
327093441
100647574
532615061
126494514
355086583
944626196
529071477
724714286
274731501
393358451
692894367
824389782
392281185
35333439
674276729
633381209
11840104
642088988
8596191
773357182
903764441
481344469
390435881
472259015
395432865
320147709
445183331
453220567
986897536
860928570
842405564
548518742
929159543
775303750
333060385
439692844
738897078
748627460
284341226
445875828
450579910
609629415
836220284
896812032
759848543
207102820
186752715
372834135
20717125
308265654
577677528
505832590
601584878
902475538
770571597
526058097
225958491
212560580
270015138
603625126
419031048
477154494
391129853
498302829
105482123
963013846
88635440
178996478
900886548
861802304
185638787
734965926
575241296
186289810
284844101
585874908
859729241
882920348
694442507
547637791
112678457
867423473
906843298
595943832
960726064
807896261
696114683
916125100
2027172
342473251
624224880
208145192
139817169
525973148
734027550
242349260
802603363
369517686
574980679
410725954
891716106
574579646
506701104
932980031
700073761
118637278
784312763
957267144
548369538
669151179
107885776
182191773
954163046
9306954
289702431
289550685
362905727
258389143
717635297
192868324
356856120
173933047
650696594
798838336
942141382
224048283
873570873
230501598
454822472
543087441
796734823
281542565
492775197
162639868
491218629
512257166
628519127
835397121
703542565
715620344
207880400
220234825
978887607
977127783
450009993
109951164
348558764
815233934
390438941
375684423
632346321
304309294
444497695
748114544
674320856
114643454
379289365
166581958
936285119
745581515
358071516
198956848
559925752
456721557
324027935
566873737
239898954
23467904
146712806
769498008
323486600
476716801
970666909
358878332
114089084
35111058
810431663
50230036
168142305
182474237
313218049
35827255
418188420
388991921
854859076
246391377
514093191
389177166
365834100
853922284
89560102
784601149
174713603